name: mlp
widths: [64, 128, 512]
dropout: 0.03486672785187006
lr: 0.005756470639990483
weight_decay: 1.535875518037987e-06
